/*--------------------------------*- C++ -*----------------------------------*\
  =========                 |
  \\      /  F ield         | OpenFOAM: The Open Source CFD Toolbox
   \\    /   O peration     | Website:  https://openfoam.org
    \\  /    A nd           | Version:  7
     \\/     M anipulation  |
\*---------------------------------------------------------------------------*/
FoamFile
{
    version     2.0;
    format      ascii;
    class       faceList;
    location    "constant/polyMesh";
    object      faces;
}
// * * * * * * * * * * * * * * * * * * * * * * * * * * * * * * * * * * * * * //


1188
(
4(1 14 339 326)
4(13 338 339 14)
4(2 15 340 327)
4(14 339 340 15)
4(3 16 341 328)
4(15 340 341 16)
4(4 17 342 329)
4(16 341 342 17)
4(5 18 343 330)
4(17 342 343 18)
4(6 19 344 331)
4(18 343 344 19)
4(7 20 345 332)
4(19 344 345 20)
4(8 21 346 333)
4(20 345 346 21)
4(9 22 347 334)
4(21 346 347 22)
4(10 23 348 335)
4(22 347 348 23)
4(11 24 349 336)
4(23 348 349 24)
4(24 349 350 25)
4(14 27 352 339)
4(26 351 352 27)
4(15 28 353 340)
4(27 352 353 28)
4(16 29 354 341)
4(28 353 354 29)
4(17 30 355 342)
4(29 354 355 30)
4(18 31 356 343)
4(30 355 356 31)
4(19 32 357 344)
4(31 356 357 32)
4(20 33 358 345)
4(32 357 358 33)
4(21 34 359 346)
4(33 358 359 34)
4(22 35 360 347)
4(34 359 360 35)
4(23 36 361 348)
4(35 360 361 36)
4(24 37 362 349)
4(36 361 362 37)
4(37 362 363 38)
4(27 40 365 352)
4(39 364 365 40)
4(28 41 366 353)
4(40 365 366 41)
4(29 42 367 354)
4(41 366 367 42)
4(30 43 368 355)
4(42 367 368 43)
4(31 44 369 356)
4(43 368 369 44)
4(32 45 370 357)
4(44 369 370 45)
4(33 46 371 358)
4(45 370 371 46)
4(34 47 372 359)
4(46 371 372 47)
4(35 48 373 360)
4(47 372 373 48)
4(36 49 374 361)
4(48 373 374 49)
4(37 50 375 362)
4(49 374 375 50)
4(50 375 376 51)
4(40 53 378 365)
4(52 377 378 53)
4(41 54 379 366)
4(53 378 379 54)
4(42 55 380 367)
4(54 379 380 55)
4(43 56 381 368)
4(55 380 381 56)
4(44 57 382 369)
4(56 381 382 57)
4(45 58 383 370)
4(57 382 383 58)
4(46 59 384 371)
4(58 383 384 59)
4(47 60 385 372)
4(59 384 385 60)
4(48 61 386 373)
4(60 385 386 61)
4(49 62 387 374)
4(61 386 387 62)
4(50 63 388 375)
4(62 387 388 63)
4(63 388 389 64)
4(53 66 391 378)
4(65 390 391 66)
4(54 67 392 379)
4(66 391 392 67)
4(55 68 393 380)
4(67 392 393 68)
4(56 69 394 381)
4(68 393 394 69)
4(57 70 395 382)
4(69 394 395 70)
4(58 71 396 383)
4(70 395 396 71)
4(59 72 397 384)
4(71 396 397 72)
4(60 73 398 385)
4(72 397 398 73)
4(61 74 399 386)
4(73 398 399 74)
4(62 75 400 387)
4(74 399 400 75)
4(63 76 401 388)
4(75 400 401 76)
4(76 401 402 77)
4(66 79 404 391)
4(78 403 404 79)
4(67 80 405 392)
4(79 404 405 80)
4(68 81 406 393)
4(80 405 406 81)
4(69 82 407 394)
4(81 406 407 82)
4(70 83 408 395)
4(82 407 408 83)
4(71 84 409 396)
4(83 408 409 84)
4(72 85 410 397)
4(84 409 410 85)
4(73 86 411 398)
4(85 410 411 86)
4(74 87 412 399)
4(86 411 412 87)
4(75 88 413 400)
4(87 412 413 88)
4(76 89 414 401)
4(88 413 414 89)
4(89 414 415 90)
4(79 92 417 404)
4(91 416 417 92)
4(80 93 418 405)
4(92 417 418 93)
4(81 94 419 406)
4(93 418 419 94)
4(82 95 420 407)
4(94 419 420 95)
4(83 96 421 408)
4(95 420 421 96)
4(84 97 422 409)
4(96 421 422 97)
4(85 98 423 410)
4(97 422 423 98)
4(86 99 424 411)
4(98 423 424 99)
4(87 100 425 412)
4(99 424 425 100)
4(88 101 426 413)
4(100 425 426 101)
4(89 102 427 414)
4(101 426 427 102)
4(102 427 428 103)
4(92 105 430 417)
4(104 429 430 105)
4(93 106 431 418)
4(105 430 431 106)
4(94 107 432 419)
4(106 431 432 107)
4(95 108 433 420)
4(107 432 433 108)
4(96 109 434 421)
4(108 433 434 109)
4(97 110 435 422)
4(109 434 435 110)
4(98 111 436 423)
4(110 435 436 111)
4(99 112 437 424)
4(111 436 437 112)
4(100 113 438 425)
4(112 437 438 113)
4(101 114 439 426)
4(113 438 439 114)
4(102 115 440 427)
4(114 439 440 115)
4(115 440 441 116)
4(105 118 443 430)
4(117 442 443 118)
4(106 119 444 431)
4(118 443 444 119)
4(107 120 445 432)
4(119 444 445 120)
4(108 121 446 433)
4(120 445 446 121)
4(109 122 447 434)
4(121 446 447 122)
4(110 123 448 435)
4(122 447 448 123)
4(111 124 449 436)
4(123 448 449 124)
4(112 125 450 437)
4(124 449 450 125)
4(113 126 451 438)
4(125 450 451 126)
4(114 127 452 439)
4(126 451 452 127)
4(115 128 453 440)
4(127 452 453 128)
4(128 453 454 129)
4(118 131 456 443)
4(130 455 456 131)
4(119 132 457 444)
4(131 456 457 132)
4(120 133 458 445)
4(132 457 458 133)
4(121 134 459 446)
4(133 458 459 134)
4(122 135 460 447)
4(134 459 460 135)
4(123 136 461 448)
4(135 460 461 136)
4(124 137 462 449)
4(136 461 462 137)
4(125 138 463 450)
4(137 462 463 138)
4(126 139 464 451)
4(138 463 464 139)
4(127 140 465 452)
4(139 464 465 140)
4(128 141 466 453)
4(140 465 466 141)
4(141 466 467 142)
4(131 144 469 456)
4(143 468 469 144)
4(132 145 470 457)
4(144 469 470 145)
4(133 146 471 458)
4(145 470 471 146)
4(134 147 472 459)
4(146 471 472 147)
4(135 148 473 460)
4(147 472 473 148)
4(136 149 474 461)
4(148 473 474 149)
4(137 150 475 462)
4(149 474 475 150)
4(138 151 476 463)
4(150 475 476 151)
4(139 152 477 464)
4(151 476 477 152)
4(140 153 478 465)
4(152 477 478 153)
4(141 154 479 466)
4(153 478 479 154)
4(154 479 480 155)
4(144 157 482 469)
4(156 481 482 157)
4(145 158 483 470)
4(157 482 483 158)
4(146 159 484 471)
4(158 483 484 159)
4(147 160 485 472)
4(159 484 485 160)
4(148 161 486 473)
4(160 485 486 161)
4(149 162 487 474)
4(161 486 487 162)
4(150 163 488 475)
4(162 487 488 163)
4(151 164 489 476)
4(163 488 489 164)
4(152 165 490 477)
4(164 489 490 165)
4(153 166 491 478)
4(165 490 491 166)
4(154 167 492 479)
4(166 491 492 167)
4(167 492 493 168)
4(157 170 495 482)
4(169 494 495 170)
4(158 171 496 483)
4(170 495 496 171)
4(159 172 497 484)
4(171 496 497 172)
4(160 173 498 485)
4(172 497 498 173)
4(161 174 499 486)
4(173 498 499 174)
4(162 175 500 487)
4(174 499 500 175)
4(163 176 501 488)
4(175 500 501 176)
4(164 177 502 489)
4(176 501 502 177)
4(165 178 503 490)
4(177 502 503 178)
4(166 179 504 491)
4(178 503 504 179)
4(167 180 505 492)
4(179 504 505 180)
4(180 505 506 181)
4(170 183 508 495)
4(182 507 508 183)
4(171 184 509 496)
4(183 508 509 184)
4(172 185 510 497)
4(184 509 510 185)
4(173 186 511 498)
4(185 510 511 186)
4(174 187 512 499)
4(186 511 512 187)
4(175 188 513 500)
4(187 512 513 188)
4(176 189 514 501)
4(188 513 514 189)
4(177 190 515 502)
4(189 514 515 190)
4(178 191 516 503)
4(190 515 516 191)
4(179 192 517 504)
4(191 516 517 192)
4(180 193 518 505)
4(192 517 518 193)
4(193 518 519 194)
4(183 196 521 508)
4(195 520 521 196)
4(184 197 522 509)
4(196 521 522 197)
4(185 198 523 510)
4(197 522 523 198)
4(186 199 524 511)
4(198 523 524 199)
4(187 200 525 512)
4(199 524 525 200)
4(188 201 526 513)
4(200 525 526 201)
4(189 202 527 514)
4(201 526 527 202)
4(190 203 528 515)
4(202 527 528 203)
4(191 204 529 516)
4(203 528 529 204)
4(192 205 530 517)
4(204 529 530 205)
4(193 206 531 518)
4(205 530 531 206)
4(206 531 532 207)
4(196 209 534 521)
4(208 533 534 209)
4(197 210 535 522)
4(209 534 535 210)
4(198 211 536 523)
4(210 535 536 211)
4(199 212 537 524)
4(211 536 537 212)
4(200 213 538 525)
4(212 537 538 213)
4(201 214 539 526)
4(213 538 539 214)
4(202 215 540 527)
4(214 539 540 215)
4(203 216 541 528)
4(215 540 541 216)
4(204 217 542 529)
4(216 541 542 217)
4(205 218 543 530)
4(217 542 543 218)
4(206 219 544 531)
4(218 543 544 219)
4(219 544 545 220)
4(209 222 547 534)
4(221 546 547 222)
4(210 223 548 535)
4(222 547 548 223)
4(211 224 549 536)
4(223 548 549 224)
4(212 225 550 537)
4(224 549 550 225)
4(213 226 551 538)
4(225 550 551 226)
4(214 227 552 539)
4(226 551 552 227)
4(215 228 553 540)
4(227 552 553 228)
4(216 229 554 541)
4(228 553 554 229)
4(217 230 555 542)
4(229 554 555 230)
4(218 231 556 543)
4(230 555 556 231)
4(219 232 557 544)
4(231 556 557 232)
4(232 557 558 233)
4(222 235 560 547)
4(234 559 560 235)
4(223 236 561 548)
4(235 560 561 236)
4(224 237 562 549)
4(236 561 562 237)
4(225 238 563 550)
4(237 562 563 238)
4(226 239 564 551)
4(238 563 564 239)
4(227 240 565 552)
4(239 564 565 240)
4(228 241 566 553)
4(240 565 566 241)
4(229 242 567 554)
4(241 566 567 242)
4(230 243 568 555)
4(242 567 568 243)
4(231 244 569 556)
4(243 568 569 244)
4(232 245 570 557)
4(244 569 570 245)
4(245 570 571 246)
4(235 248 573 560)
4(247 572 573 248)
4(236 249 574 561)
4(248 573 574 249)
4(237 250 575 562)
4(249 574 575 250)
4(238 251 576 563)
4(250 575 576 251)
4(239 252 577 564)
4(251 576 577 252)
4(240 253 578 565)
4(252 577 578 253)
4(241 254 579 566)
4(253 578 579 254)
4(242 255 580 567)
4(254 579 580 255)
4(243 256 581 568)
4(255 580 581 256)
4(244 257 582 569)
4(256 581 582 257)
4(245 258 583 570)
4(257 582 583 258)
4(258 583 584 259)
4(248 261 586 573)
4(260 585 586 261)
4(249 262 587 574)
4(261 586 587 262)
4(250 263 588 575)
4(262 587 588 263)
4(251 264 589 576)
4(263 588 589 264)
4(252 265 590 577)
4(264 589 590 265)
4(253 266 591 578)
4(265 590 591 266)
4(254 267 592 579)
4(266 591 592 267)
4(255 268 593 580)
4(267 592 593 268)
4(256 269 594 581)
4(268 593 594 269)
4(257 270 595 582)
4(269 594 595 270)
4(258 271 596 583)
4(270 595 596 271)
4(271 596 597 272)
4(261 274 599 586)
4(273 598 599 274)
4(262 275 600 587)
4(274 599 600 275)
4(263 276 601 588)
4(275 600 601 276)
4(264 277 602 589)
4(276 601 602 277)
4(265 278 603 590)
4(277 602 603 278)
4(266 279 604 591)
4(278 603 604 279)
4(267 280 605 592)
4(279 604 605 280)
4(268 281 606 593)
4(280 605 606 281)
4(269 282 607 594)
4(281 606 607 282)
4(270 283 608 595)
4(282 607 608 283)
4(271 284 609 596)
4(283 608 609 284)
4(284 609 610 285)
4(274 287 612 599)
4(286 611 612 287)
4(275 288 613 600)
4(287 612 613 288)
4(276 289 614 601)
4(288 613 614 289)
4(277 290 615 602)
4(289 614 615 290)
4(278 291 616 603)
4(290 615 616 291)
4(279 292 617 604)
4(291 616 617 292)
4(280 293 618 605)
4(292 617 618 293)
4(281 294 619 606)
4(293 618 619 294)
4(282 295 620 607)
4(294 619 620 295)
4(283 296 621 608)
4(295 620 621 296)
4(284 297 622 609)
4(296 621 622 297)
4(297 622 623 298)
4(287 300 625 612)
4(299 624 625 300)
4(288 301 626 613)
4(300 625 626 301)
4(289 302 627 614)
4(301 626 627 302)
4(290 303 628 615)
4(302 627 628 303)
4(291 304 629 616)
4(303 628 629 304)
4(292 305 630 617)
4(304 629 630 305)
4(293 306 631 618)
4(305 630 631 306)
4(294 307 632 619)
4(306 631 632 307)
4(295 308 633 620)
4(307 632 633 308)
4(296 309 634 621)
4(308 633 634 309)
4(297 310 635 622)
4(309 634 635 310)
4(310 635 636 311)
4(300 313 638 625)
4(301 314 639 626)
4(302 315 640 627)
4(303 316 641 628)
4(304 317 642 629)
4(305 318 643 630)
4(306 319 644 631)
4(307 320 645 632)
4(308 321 646 633)
4(309 322 647 634)
4(310 323 648 635)
4(0 1 326 325)
4(1 2 327 326)
4(2 3 328 327)
4(3 4 329 328)
4(4 5 330 329)
4(5 6 331 330)
4(6 7 332 331)
4(7 8 333 332)
4(8 9 334 333)
4(9 10 335 334)
4(10 11 336 335)
4(11 12 337 336)
4(312 637 638 313)
4(313 638 639 314)
4(314 639 640 315)
4(315 640 641 316)
4(316 641 642 317)
4(317 642 643 318)
4(318 643 644 319)
4(319 644 645 320)
4(320 645 646 321)
4(321 646 647 322)
4(322 647 648 323)
4(323 648 649 324)
4(12 25 350 337)
4(25 38 363 350)
4(38 51 376 363)
4(51 64 389 376)
4(64 77 402 389)
4(77 90 415 402)
4(90 103 428 415)
4(103 116 441 428)
4(116 129 454 441)
4(129 142 467 454)
4(142 155 480 467)
4(155 168 493 480)
4(168 181 506 493)
4(181 194 519 506)
4(194 207 532 519)
4(207 220 545 532)
4(220 233 558 545)
4(233 246 571 558)
4(246 259 584 571)
4(259 272 597 584)
4(272 285 610 597)
4(285 298 623 610)
4(298 311 636 623)
4(311 324 649 636)
4(0 325 338 13)
4(13 338 351 26)
4(26 351 364 39)
4(39 364 377 52)
4(52 377 390 65)
4(65 390 403 78)
4(78 403 416 91)
4(91 416 429 104)
4(104 429 442 117)
4(117 442 455 130)
4(130 455 468 143)
4(143 468 481 156)
4(156 481 494 169)
4(169 494 507 182)
4(182 507 520 195)
4(195 520 533 208)
4(208 533 546 221)
4(221 546 559 234)
4(234 559 572 247)
4(247 572 585 260)
4(260 585 598 273)
4(273 598 611 286)
4(286 611 624 299)
4(299 624 637 312)
4(0 13 14 1)
4(13 26 27 14)
4(26 39 40 27)
4(39 52 53 40)
4(52 65 66 53)
4(65 78 79 66)
4(78 91 92 79)
4(91 104 105 92)
4(104 117 118 105)
4(117 130 131 118)
4(130 143 144 131)
4(143 156 157 144)
4(156 169 170 157)
4(169 182 183 170)
4(182 195 196 183)
4(195 208 209 196)
4(208 221 222 209)
4(221 234 235 222)
4(234 247 248 235)
4(247 260 261 248)
4(260 273 274 261)
4(273 286 287 274)
4(286 299 300 287)
4(299 312 313 300)
4(1 14 15 2)
4(14 27 28 15)
4(27 40 41 28)
4(40 53 54 41)
4(53 66 67 54)
4(66 79 80 67)
4(79 92 93 80)
4(92 105 106 93)
4(105 118 119 106)
4(118 131 132 119)
4(131 144 145 132)
4(144 157 158 145)
4(157 170 171 158)
4(170 183 184 171)
4(183 196 197 184)
4(196 209 210 197)
4(209 222 223 210)
4(222 235 236 223)
4(235 248 249 236)
4(248 261 262 249)
4(261 274 275 262)
4(274 287 288 275)
4(287 300 301 288)
4(300 313 314 301)
4(2 15 16 3)
4(15 28 29 16)
4(28 41 42 29)
4(41 54 55 42)
4(54 67 68 55)
4(67 80 81 68)
4(80 93 94 81)
4(93 106 107 94)
4(106 119 120 107)
4(119 132 133 120)
4(132 145 146 133)
4(145 158 159 146)
4(158 171 172 159)
4(171 184 185 172)
4(184 197 198 185)
4(197 210 211 198)
4(210 223 224 211)
4(223 236 237 224)
4(236 249 250 237)
4(249 262 263 250)
4(262 275 276 263)
4(275 288 289 276)
4(288 301 302 289)
4(301 314 315 302)
4(3 16 17 4)
4(16 29 30 17)
4(29 42 43 30)
4(42 55 56 43)
4(55 68 69 56)
4(68 81 82 69)
4(81 94 95 82)
4(94 107 108 95)
4(107 120 121 108)
4(120 133 134 121)
4(133 146 147 134)
4(146 159 160 147)
4(159 172 173 160)
4(172 185 186 173)
4(185 198 199 186)
4(198 211 212 199)
4(211 224 225 212)
4(224 237 238 225)
4(237 250 251 238)
4(250 263 264 251)
4(263 276 277 264)
4(276 289 290 277)
4(289 302 303 290)
4(302 315 316 303)
4(4 17 18 5)
4(17 30 31 18)
4(30 43 44 31)
4(43 56 57 44)
4(56 69 70 57)
4(69 82 83 70)
4(82 95 96 83)
4(95 108 109 96)
4(108 121 122 109)
4(121 134 135 122)
4(134 147 148 135)
4(147 160 161 148)
4(160 173 174 161)
4(173 186 187 174)
4(186 199 200 187)
4(199 212 213 200)
4(212 225 226 213)
4(225 238 239 226)
4(238 251 252 239)
4(251 264 265 252)
4(264 277 278 265)
4(277 290 291 278)
4(290 303 304 291)
4(303 316 317 304)
4(5 18 19 6)
4(18 31 32 19)
4(31 44 45 32)
4(44 57 58 45)
4(57 70 71 58)
4(70 83 84 71)
4(83 96 97 84)
4(96 109 110 97)
4(109 122 123 110)
4(122 135 136 123)
4(135 148 149 136)
4(148 161 162 149)
4(161 174 175 162)
4(174 187 188 175)
4(187 200 201 188)
4(200 213 214 201)
4(213 226 227 214)
4(226 239 240 227)
4(239 252 253 240)
4(252 265 266 253)
4(265 278 279 266)
4(278 291 292 279)
4(291 304 305 292)
4(304 317 318 305)
4(6 19 20 7)
4(19 32 33 20)
4(32 45 46 33)
4(45 58 59 46)
4(58 71 72 59)
4(71 84 85 72)
4(84 97 98 85)
4(97 110 111 98)
4(110 123 124 111)
4(123 136 137 124)
4(136 149 150 137)
4(149 162 163 150)
4(162 175 176 163)
4(175 188 189 176)
4(188 201 202 189)
4(201 214 215 202)
4(214 227 228 215)
4(227 240 241 228)
4(240 253 254 241)
4(253 266 267 254)
4(266 279 280 267)
4(279 292 293 280)
4(292 305 306 293)
4(305 318 319 306)
4(7 20 21 8)
4(20 33 34 21)
4(33 46 47 34)
4(46 59 60 47)
4(59 72 73 60)
4(72 85 86 73)
4(85 98 99 86)
4(98 111 112 99)
4(111 124 125 112)
4(124 137 138 125)
4(137 150 151 138)
4(150 163 164 151)
4(163 176 177 164)
4(176 189 190 177)
4(189 202 203 190)
4(202 215 216 203)
4(215 228 229 216)
4(228 241 242 229)
4(241 254 255 242)
4(254 267 268 255)
4(267 280 281 268)
4(280 293 294 281)
4(293 306 307 294)
4(306 319 320 307)
4(8 21 22 9)
4(21 34 35 22)
4(34 47 48 35)
4(47 60 61 48)
4(60 73 74 61)
4(73 86 87 74)
4(86 99 100 87)
4(99 112 113 100)
4(112 125 126 113)
4(125 138 139 126)
4(138 151 152 139)
4(151 164 165 152)
4(164 177 178 165)
4(177 190 191 178)
4(190 203 204 191)
4(203 216 217 204)
4(216 229 230 217)
4(229 242 243 230)
4(242 255 256 243)
4(255 268 269 256)
4(268 281 282 269)
4(281 294 295 282)
4(294 307 308 295)
4(307 320 321 308)
4(9 22 23 10)
4(22 35 36 23)
4(35 48 49 36)
4(48 61 62 49)
4(61 74 75 62)
4(74 87 88 75)
4(87 100 101 88)
4(100 113 114 101)
4(113 126 127 114)
4(126 139 140 127)
4(139 152 153 140)
4(152 165 166 153)
4(165 178 179 166)
4(178 191 192 179)
4(191 204 205 192)
4(204 217 218 205)
4(217 230 231 218)
4(230 243 244 231)
4(243 256 257 244)
4(256 269 270 257)
4(269 282 283 270)
4(282 295 296 283)
4(295 308 309 296)
4(308 321 322 309)
4(10 23 24 11)
4(23 36 37 24)
4(36 49 50 37)
4(49 62 63 50)
4(62 75 76 63)
4(75 88 89 76)
4(88 101 102 89)
4(101 114 115 102)
4(114 127 128 115)
4(127 140 141 128)
4(140 153 154 141)
4(153 166 167 154)
4(166 179 180 167)
4(179 192 193 180)
4(192 205 206 193)
4(205 218 219 206)
4(218 231 232 219)
4(231 244 245 232)
4(244 257 258 245)
4(257 270 271 258)
4(270 283 284 271)
4(283 296 297 284)
4(296 309 310 297)
4(309 322 323 310)
4(11 24 25 12)
4(24 37 38 25)
4(37 50 51 38)
4(50 63 64 51)
4(63 76 77 64)
4(76 89 90 77)
4(89 102 103 90)
4(102 115 116 103)
4(115 128 129 116)
4(128 141 142 129)
4(141 154 155 142)
4(154 167 168 155)
4(167 180 181 168)
4(180 193 194 181)
4(193 206 207 194)
4(206 219 220 207)
4(219 232 233 220)
4(232 245 246 233)
4(245 258 259 246)
4(258 271 272 259)
4(271 284 285 272)
4(284 297 298 285)
4(297 310 311 298)
4(310 323 324 311)
4(325 326 339 338)
4(338 339 352 351)
4(351 352 365 364)
4(364 365 378 377)
4(377 378 391 390)
4(390 391 404 403)
4(403 404 417 416)
4(416 417 430 429)
4(429 430 443 442)
4(442 443 456 455)
4(455 456 469 468)
4(468 469 482 481)
4(481 482 495 494)
4(494 495 508 507)
4(507 508 521 520)
4(520 521 534 533)
4(533 534 547 546)
4(546 547 560 559)
4(559 560 573 572)
4(572 573 586 585)
4(585 586 599 598)
4(598 599 612 611)
4(611 612 625 624)
4(624 625 638 637)
4(326 327 340 339)
4(339 340 353 352)
4(352 353 366 365)
4(365 366 379 378)
4(378 379 392 391)
4(391 392 405 404)
4(404 405 418 417)
4(417 418 431 430)
4(430 431 444 443)
4(443 444 457 456)
4(456 457 470 469)
4(469 470 483 482)
4(482 483 496 495)
4(495 496 509 508)
4(508 509 522 521)
4(521 522 535 534)
4(534 535 548 547)
4(547 548 561 560)
4(560 561 574 573)
4(573 574 587 586)
4(586 587 600 599)
4(599 600 613 612)
4(612 613 626 625)
4(625 626 639 638)
4(327 328 341 340)
4(340 341 354 353)
4(353 354 367 366)
4(366 367 380 379)
4(379 380 393 392)
4(392 393 406 405)
4(405 406 419 418)
4(418 419 432 431)
4(431 432 445 444)
4(444 445 458 457)
4(457 458 471 470)
4(470 471 484 483)
4(483 484 497 496)
4(496 497 510 509)
4(509 510 523 522)
4(522 523 536 535)
4(535 536 549 548)
4(548 549 562 561)
4(561 562 575 574)
4(574 575 588 587)
4(587 588 601 600)
4(600 601 614 613)
4(613 614 627 626)
4(626 627 640 639)
4(328 329 342 341)
4(341 342 355 354)
4(354 355 368 367)
4(367 368 381 380)
4(380 381 394 393)
4(393 394 407 406)
4(406 407 420 419)
4(419 420 433 432)
4(432 433 446 445)
4(445 446 459 458)
4(458 459 472 471)
4(471 472 485 484)
4(484 485 498 497)
4(497 498 511 510)
4(510 511 524 523)
4(523 524 537 536)
4(536 537 550 549)
4(549 550 563 562)
4(562 563 576 575)
4(575 576 589 588)
4(588 589 602 601)
4(601 602 615 614)
4(614 615 628 627)
4(627 628 641 640)
4(329 330 343 342)
4(342 343 356 355)
4(355 356 369 368)
4(368 369 382 381)
4(381 382 395 394)
4(394 395 408 407)
4(407 408 421 420)
4(420 421 434 433)
4(433 434 447 446)
4(446 447 460 459)
4(459 460 473 472)
4(472 473 486 485)
4(485 486 499 498)
4(498 499 512 511)
4(511 512 525 524)
4(524 525 538 537)
4(537 538 551 550)
4(550 551 564 563)
4(563 564 577 576)
4(576 577 590 589)
4(589 590 603 602)
4(602 603 616 615)
4(615 616 629 628)
4(628 629 642 641)
4(330 331 344 343)
4(343 344 357 356)
4(356 357 370 369)
4(369 370 383 382)
4(382 383 396 395)
4(395 396 409 408)
4(408 409 422 421)
4(421 422 435 434)
4(434 435 448 447)
4(447 448 461 460)
4(460 461 474 473)
4(473 474 487 486)
4(486 487 500 499)
4(499 500 513 512)
4(512 513 526 525)
4(525 526 539 538)
4(538 539 552 551)
4(551 552 565 564)
4(564 565 578 577)
4(577 578 591 590)
4(590 591 604 603)
4(603 604 617 616)
4(616 617 630 629)
4(629 630 643 642)
4(331 332 345 344)
4(344 345 358 357)
4(357 358 371 370)
4(370 371 384 383)
4(383 384 397 396)
4(396 397 410 409)
4(409 410 423 422)
4(422 423 436 435)
4(435 436 449 448)
4(448 449 462 461)
4(461 462 475 474)
4(474 475 488 487)
4(487 488 501 500)
4(500 501 514 513)
4(513 514 527 526)
4(526 527 540 539)
4(539 540 553 552)
4(552 553 566 565)
4(565 566 579 578)
4(578 579 592 591)
4(591 592 605 604)
4(604 605 618 617)
4(617 618 631 630)
4(630 631 644 643)
4(332 333 346 345)
4(345 346 359 358)
4(358 359 372 371)
4(371 372 385 384)
4(384 385 398 397)
4(397 398 411 410)
4(410 411 424 423)
4(423 424 437 436)
4(436 437 450 449)
4(449 450 463 462)
4(462 463 476 475)
4(475 476 489 488)
4(488 489 502 501)
4(501 502 515 514)
4(514 515 528 527)
4(527 528 541 540)
4(540 541 554 553)
4(553 554 567 566)
4(566 567 580 579)
4(579 580 593 592)
4(592 593 606 605)
4(605 606 619 618)
4(618 619 632 631)
4(631 632 645 644)
4(333 334 347 346)
4(346 347 360 359)
4(359 360 373 372)
4(372 373 386 385)
4(385 386 399 398)
4(398 399 412 411)
4(411 412 425 424)
4(424 425 438 437)
4(437 438 451 450)
4(450 451 464 463)
4(463 464 477 476)
4(476 477 490 489)
4(489 490 503 502)
4(502 503 516 515)
4(515 516 529 528)
4(528 529 542 541)
4(541 542 555 554)
4(554 555 568 567)
4(567 568 581 580)
4(580 581 594 593)
4(593 594 607 606)
4(606 607 620 619)
4(619 620 633 632)
4(632 633 646 645)
4(334 335 348 347)
4(347 348 361 360)
4(360 361 374 373)
4(373 374 387 386)
4(386 387 400 399)
4(399 400 413 412)
4(412 413 426 425)
4(425 426 439 438)
4(438 439 452 451)
4(451 452 465 464)
4(464 465 478 477)
4(477 478 491 490)
4(490 491 504 503)
4(503 504 517 516)
4(516 517 530 529)
4(529 530 543 542)
4(542 543 556 555)
4(555 556 569 568)
4(568 569 582 581)
4(581 582 595 594)
4(594 595 608 607)
4(607 608 621 620)
4(620 621 634 633)
4(633 634 647 646)
4(335 336 349 348)
4(348 349 362 361)
4(361 362 375 374)
4(374 375 388 387)
4(387 388 401 400)
4(400 401 414 413)
4(413 414 427 426)
4(426 427 440 439)
4(439 440 453 452)
4(452 453 466 465)
4(465 466 479 478)
4(478 479 492 491)
4(491 492 505 504)
4(504 505 518 517)
4(517 518 531 530)
4(530 531 544 543)
4(543 544 557 556)
4(556 557 570 569)
4(569 570 583 582)
4(582 583 596 595)
4(595 596 609 608)
4(608 609 622 621)
4(621 622 635 634)
4(634 635 648 647)
4(336 337 350 349)
4(349 350 363 362)
4(362 363 376 375)
4(375 376 389 388)
4(388 389 402 401)
4(401 402 415 414)
4(414 415 428 427)
4(427 428 441 440)
4(440 441 454 453)
4(453 454 467 466)
4(466 467 480 479)
4(479 480 493 492)
4(492 493 506 505)
4(505 506 519 518)
4(518 519 532 531)
4(531 532 545 544)
4(544 545 558 557)
4(557 558 571 570)
4(570 571 584 583)
4(583 584 597 596)
4(596 597 610 609)
4(609 610 623 622)
4(622 623 636 635)
4(635 636 649 648)
)


// ************************************************************************* //
