/*--------------------------------*- C++ -*----------------------------------*\
  =========                 |
  \\      /  F ield         | OpenFOAM: The Open Source CFD Toolbox
   \\    /   O peration     | Website:  https://openfoam.org
    \\  /    A nd           | Version:  7
     \\/     M anipulation  |
\*---------------------------------------------------------------------------*/
FoamFile
{
    version     2.0;
    format      ascii;
    class       vectorField;
    location    "constant/polyMesh";
    object      points;
}
// * * * * * * * * * * * * * * * * * * * * * * * * * * * * * * * * * * * * * //


650
(
(0 0 0)
(0.025 0 0)
(0.05 0 0)
(0.075 0 0)
(0.1 0 0)
(0.125 0 0)
(0.15 0 0)
(0.175 0 0)
(0.2 0 0)
(0.225 0 0)
(0.25 0 0)
(0.275 0 0)
(0.3 0 0)
(0 0.025 0)
(0.025 0.025 0)
(0.05 0.025 0)
(0.075 0.025 0)
(0.1 0.025 0)
(0.125 0.025 0)
(0.15 0.025 0)
(0.175 0.025 0)
(0.2 0.025 0)
(0.225 0.025 0)
(0.25 0.025 0)
(0.275 0.025 0)
(0.3 0.025 0)
(0 0.05 0)
(0.025 0.05 0)
(0.05 0.05 0)
(0.075 0.05 0)
(0.1 0.05 0)
(0.125 0.05 0)
(0.15 0.05 0)
(0.175 0.05 0)
(0.2 0.05 0)
(0.225 0.05 0)
(0.25 0.05 0)
(0.275 0.05 0)
(0.3 0.05 0)
(0 0.075 0)
(0.025 0.075 0)
(0.05 0.075 0)
(0.075 0.075 0)
(0.1 0.075 0)
(0.125 0.075 0)
(0.15 0.075 0)
(0.175 0.075 0)
(0.2 0.075 0)
(0.225 0.075 0)
(0.25 0.075 0)
(0.275 0.075 0)
(0.3 0.075 0)
(0 0.1 0)
(0.025 0.1 0)
(0.05 0.1 0)
(0.075 0.1 0)
(0.1 0.1 0)
(0.125 0.1 0)
(0.15 0.1 0)
(0.175 0.1 0)
(0.2 0.1 0)
(0.225 0.1 0)
(0.25 0.1 0)
(0.275 0.1 0)
(0.3 0.1 0)
(0 0.125 0)
(0.025 0.125 0)
(0.05 0.125 0)
(0.075 0.125 0)
(0.1 0.125 0)
(0.125 0.125 0)
(0.15 0.125 0)
(0.175 0.125 0)
(0.2 0.125 0)
(0.225 0.125 0)
(0.25 0.125 0)
(0.275 0.125 0)
(0.3 0.125 0)
(0 0.15 0)
(0.025 0.15 0)
(0.05 0.15 0)
(0.075 0.15 0)
(0.1 0.15 0)
(0.125 0.15 0)
(0.15 0.15 0)
(0.175 0.15 0)
(0.2 0.15 0)
(0.225 0.15 0)
(0.25 0.15 0)
(0.275 0.15 0)
(0.3 0.15 0)
(0 0.175 0)
(0.025 0.175 0)
(0.05 0.175 0)
(0.075 0.175 0)
(0.1 0.175 0)
(0.125 0.175 0)
(0.15 0.175 0)
(0.175 0.175 0)
(0.2 0.175 0)
(0.225 0.175 0)
(0.25 0.175 0)
(0.275 0.175 0)
(0.3 0.175 0)
(0 0.2 0)
(0.025 0.2 0)
(0.05 0.2 0)
(0.075 0.2 0)
(0.1 0.2 0)
(0.125 0.2 0)
(0.15 0.2 0)
(0.175 0.2 0)
(0.2 0.2 0)
(0.225 0.2 0)
(0.25 0.2 0)
(0.275 0.2 0)
(0.3 0.2 0)
(0 0.225 0)
(0.025 0.225 0)
(0.05 0.225 0)
(0.075 0.225 0)
(0.1 0.225 0)
(0.125 0.225 0)
(0.15 0.225 0)
(0.175 0.225 0)
(0.2 0.225 0)
(0.225 0.225 0)
(0.25 0.225 0)
(0.275 0.225 0)
(0.3 0.225 0)
(0 0.25 0)
(0.025 0.25 0)
(0.05 0.25 0)
(0.075 0.25 0)
(0.1 0.25 0)
(0.125 0.25 0)
(0.15 0.25 0)
(0.175 0.25 0)
(0.2 0.25 0)
(0.225 0.25 0)
(0.25 0.25 0)
(0.275 0.25 0)
(0.3 0.25 0)
(0 0.275 0)
(0.025 0.275 0)
(0.05 0.275 0)
(0.075 0.275 0)
(0.1 0.275 0)
(0.125 0.275 0)
(0.15 0.275 0)
(0.175 0.275 0)
(0.2 0.275 0)
(0.225 0.275 0)
(0.25 0.275 0)
(0.275 0.275 0)
(0.3 0.275 0)
(0 0.3 0)
(0.025 0.3 0)
(0.05 0.3 0)
(0.075 0.3 0)
(0.1 0.3 0)
(0.125 0.3 0)
(0.15 0.3 0)
(0.175 0.3 0)
(0.2 0.3 0)
(0.225 0.3 0)
(0.25 0.3 0)
(0.275 0.3 0)
(0.3 0.3 0)
(0 0.325 0)
(0.025 0.325 0)
(0.05 0.325 0)
(0.075 0.325 0)
(0.1 0.325 0)
(0.125 0.325 0)
(0.15 0.325 0)
(0.175 0.325 0)
(0.2 0.325 0)
(0.225 0.325 0)
(0.25 0.325 0)
(0.275 0.325 0)
(0.3 0.325 0)
(0 0.35 0)
(0.025 0.35 0)
(0.05 0.35 0)
(0.075 0.35 0)
(0.1 0.35 0)
(0.125 0.35 0)
(0.15 0.35 0)
(0.175 0.35 0)
(0.2 0.35 0)
(0.225 0.35 0)
(0.25 0.35 0)
(0.275 0.35 0)
(0.3 0.35 0)
(0 0.375 0)
(0.025 0.375 0)
(0.05 0.375 0)
(0.075 0.375 0)
(0.1 0.375 0)
(0.125 0.375 0)
(0.15 0.375 0)
(0.175 0.375 0)
(0.2 0.375 0)
(0.225 0.375 0)
(0.25 0.375 0)
(0.275 0.375 0)
(0.3 0.375 0)
(0 0.4 0)
(0.025 0.4 0)
(0.05 0.4 0)
(0.075 0.4 0)
(0.1 0.4 0)
(0.125 0.4 0)
(0.15 0.4 0)
(0.175 0.4 0)
(0.2 0.4 0)
(0.225 0.4 0)
(0.25 0.4 0)
(0.275 0.4 0)
(0.3 0.4 0)
(0 0.425 0)
(0.025 0.425 0)
(0.05 0.425 0)
(0.075 0.425 0)
(0.1 0.425 0)
(0.125 0.425 0)
(0.15 0.425 0)
(0.175 0.425 0)
(0.2 0.425 0)
(0.225 0.425 0)
(0.25 0.425 0)
(0.275 0.425 0)
(0.3 0.425 0)
(0 0.45 0)
(0.025 0.45 0)
(0.05 0.45 0)
(0.075 0.45 0)
(0.1 0.45 0)
(0.125 0.45 0)
(0.15 0.45 0)
(0.175 0.45 0)
(0.2 0.45 0)
(0.225 0.45 0)
(0.25 0.45 0)
(0.275 0.45 0)
(0.3 0.45 0)
(0 0.475 0)
(0.025 0.475 0)
(0.05 0.475 0)
(0.075 0.475 0)
(0.1 0.475 0)
(0.125 0.475 0)
(0.15 0.475 0)
(0.175 0.475 0)
(0.2 0.475 0)
(0.225 0.475 0)
(0.25 0.475 0)
(0.275 0.475 0)
(0.3 0.475 0)
(0 0.5 0)
(0.025 0.5 0)
(0.05 0.5 0)
(0.075 0.5 0)
(0.1 0.5 0)
(0.125 0.5 0)
(0.15 0.5 0)
(0.175 0.5 0)
(0.2 0.5 0)
(0.225 0.5 0)
(0.25 0.5 0)
(0.275 0.5 0)
(0.3 0.5 0)
(0 0.525 0)
(0.025 0.525 0)
(0.05 0.525 0)
(0.075 0.525 0)
(0.1 0.525 0)
(0.125 0.525 0)
(0.15 0.525 0)
(0.175 0.525 0)
(0.2 0.525 0)
(0.225 0.525 0)
(0.25 0.525 0)
(0.275 0.525 0)
(0.3 0.525 0)
(0 0.55 0)
(0.025 0.55 0)
(0.05 0.55 0)
(0.075 0.55 0)
(0.1 0.55 0)
(0.125 0.55 0)
(0.15 0.55 0)
(0.175 0.55 0)
(0.2 0.55 0)
(0.225 0.55 0)
(0.25 0.55 0)
(0.275 0.55 0)
(0.3 0.55 0)
(0 0.575 0)
(0.025 0.575 0)
(0.05 0.575 0)
(0.075 0.575 0)
(0.1 0.575 0)
(0.125 0.575 0)
(0.15 0.575 0)
(0.175 0.575 0)
(0.2 0.575 0)
(0.225 0.575 0)
(0.25 0.575 0)
(0.275 0.575 0)
(0.3 0.575 0)
(0 0.6 0)
(0.025 0.6 0)
(0.05 0.6 0)
(0.075 0.6 0)
(0.1 0.6 0)
(0.125 0.6 0)
(0.15 0.6 0)
(0.175 0.6 0)
(0.2 0.6 0)
(0.225 0.6 0)
(0.25 0.6 0)
(0.275 0.6 0)
(0.3 0.6 0)
(0 0 0.025)
(0.025 0 0.025)
(0.05 0 0.025)
(0.075 0 0.025)
(0.1 0 0.025)
(0.125 0 0.025)
(0.15 0 0.025)
(0.175 0 0.025)
(0.2 0 0.025)
(0.225 0 0.025)
(0.25 0 0.025)
(0.275 0 0.025)
(0.3 0 0.025)
(0 0.025 0.025)
(0.025 0.025 0.025)
(0.05 0.025 0.025)
(0.075 0.025 0.025)
(0.1 0.025 0.025)
(0.125 0.025 0.025)
(0.15 0.025 0.025)
(0.175 0.025 0.025)
(0.2 0.025 0.025)
(0.225 0.025 0.025)
(0.25 0.025 0.025)
(0.275 0.025 0.025)
(0.3 0.025 0.025)
(0 0.05 0.025)
(0.025 0.05 0.025)
(0.05 0.05 0.025)
(0.075 0.05 0.025)
(0.1 0.05 0.025)
(0.125 0.05 0.025)
(0.15 0.05 0.025)
(0.175 0.05 0.025)
(0.2 0.05 0.025)
(0.225 0.05 0.025)
(0.25 0.05 0.025)
(0.275 0.05 0.025)
(0.3 0.05 0.025)
(0 0.075 0.025)
(0.025 0.075 0.025)
(0.05 0.075 0.025)
(0.075 0.075 0.025)
(0.1 0.075 0.025)
(0.125 0.075 0.025)
(0.15 0.075 0.025)
(0.175 0.075 0.025)
(0.2 0.075 0.025)
(0.225 0.075 0.025)
(0.25 0.075 0.025)
(0.275 0.075 0.025)
(0.3 0.075 0.025)
(0 0.1 0.025)
(0.025 0.1 0.025)
(0.05 0.1 0.025)
(0.075 0.1 0.025)
(0.1 0.1 0.025)
(0.125 0.1 0.025)
(0.15 0.1 0.025)
(0.175 0.1 0.025)
(0.2 0.1 0.025)
(0.225 0.1 0.025)
(0.25 0.1 0.025)
(0.275 0.1 0.025)
(0.3 0.1 0.025)
(0 0.125 0.025)
(0.025 0.125 0.025)
(0.05 0.125 0.025)
(0.075 0.125 0.025)
(0.1 0.125 0.025)
(0.125 0.125 0.025)
(0.15 0.125 0.025)
(0.175 0.125 0.025)
(0.2 0.125 0.025)
(0.225 0.125 0.025)
(0.25 0.125 0.025)
(0.275 0.125 0.025)
(0.3 0.125 0.025)
(0 0.15 0.025)
(0.025 0.15 0.025)
(0.05 0.15 0.025)
(0.075 0.15 0.025)
(0.1 0.15 0.025)
(0.125 0.15 0.025)
(0.15 0.15 0.025)
(0.175 0.15 0.025)
(0.2 0.15 0.025)
(0.225 0.15 0.025)
(0.25 0.15 0.025)
(0.275 0.15 0.025)
(0.3 0.15 0.025)
(0 0.175 0.025)
(0.025 0.175 0.025)
(0.05 0.175 0.025)
(0.075 0.175 0.025)
(0.1 0.175 0.025)
(0.125 0.175 0.025)
(0.15 0.175 0.025)
(0.175 0.175 0.025)
(0.2 0.175 0.025)
(0.225 0.175 0.025)
(0.25 0.175 0.025)
(0.275 0.175 0.025)
(0.3 0.175 0.025)
(0 0.2 0.025)
(0.025 0.2 0.025)
(0.05 0.2 0.025)
(0.075 0.2 0.025)
(0.1 0.2 0.025)
(0.125 0.2 0.025)
(0.15 0.2 0.025)
(0.175 0.2 0.025)
(0.2 0.2 0.025)
(0.225 0.2 0.025)
(0.25 0.2 0.025)
(0.275 0.2 0.025)
(0.3 0.2 0.025)
(0 0.225 0.025)
(0.025 0.225 0.025)
(0.05 0.225 0.025)
(0.075 0.225 0.025)
(0.1 0.225 0.025)
(0.125 0.225 0.025)
(0.15 0.225 0.025)
(0.175 0.225 0.025)
(0.2 0.225 0.025)
(0.225 0.225 0.025)
(0.25 0.225 0.025)
(0.275 0.225 0.025)
(0.3 0.225 0.025)
(0 0.25 0.025)
(0.025 0.25 0.025)
(0.05 0.25 0.025)
(0.075 0.25 0.025)
(0.1 0.25 0.025)
(0.125 0.25 0.025)
(0.15 0.25 0.025)
(0.175 0.25 0.025)
(0.2 0.25 0.025)
(0.225 0.25 0.025)
(0.25 0.25 0.025)
(0.275 0.25 0.025)
(0.3 0.25 0.025)
(0 0.275 0.025)
(0.025 0.275 0.025)
(0.05 0.275 0.025)
(0.075 0.275 0.025)
(0.1 0.275 0.025)
(0.125 0.275 0.025)
(0.15 0.275 0.025)
(0.175 0.275 0.025)
(0.2 0.275 0.025)
(0.225 0.275 0.025)
(0.25 0.275 0.025)
(0.275 0.275 0.025)
(0.3 0.275 0.025)
(0 0.3 0.025)
(0.025 0.3 0.025)
(0.05 0.3 0.025)
(0.075 0.3 0.025)
(0.1 0.3 0.025)
(0.125 0.3 0.025)
(0.15 0.3 0.025)
(0.175 0.3 0.025)
(0.2 0.3 0.025)
(0.225 0.3 0.025)
(0.25 0.3 0.025)
(0.275 0.3 0.025)
(0.3 0.3 0.025)
(0 0.325 0.025)
(0.025 0.325 0.025)
(0.05 0.325 0.025)
(0.075 0.325 0.025)
(0.1 0.325 0.025)
(0.125 0.325 0.025)
(0.15 0.325 0.025)
(0.175 0.325 0.025)
(0.2 0.325 0.025)
(0.225 0.325 0.025)
(0.25 0.325 0.025)
(0.275 0.325 0.025)
(0.3 0.325 0.025)
(0 0.35 0.025)
(0.025 0.35 0.025)
(0.05 0.35 0.025)
(0.075 0.35 0.025)
(0.1 0.35 0.025)
(0.125 0.35 0.025)
(0.15 0.35 0.025)
(0.175 0.35 0.025)
(0.2 0.35 0.025)
(0.225 0.35 0.025)
(0.25 0.35 0.025)
(0.275 0.35 0.025)
(0.3 0.35 0.025)
(0 0.375 0.025)
(0.025 0.375 0.025)
(0.05 0.375 0.025)
(0.075 0.375 0.025)
(0.1 0.375 0.025)
(0.125 0.375 0.025)
(0.15 0.375 0.025)
(0.175 0.375 0.025)
(0.2 0.375 0.025)
(0.225 0.375 0.025)
(0.25 0.375 0.025)
(0.275 0.375 0.025)
(0.3 0.375 0.025)
(0 0.4 0.025)
(0.025 0.4 0.025)
(0.05 0.4 0.025)
(0.075 0.4 0.025)
(0.1 0.4 0.025)
(0.125 0.4 0.025)
(0.15 0.4 0.025)
(0.175 0.4 0.025)
(0.2 0.4 0.025)
(0.225 0.4 0.025)
(0.25 0.4 0.025)
(0.275 0.4 0.025)
(0.3 0.4 0.025)
(0 0.425 0.025)
(0.025 0.425 0.025)
(0.05 0.425 0.025)
(0.075 0.425 0.025)
(0.1 0.425 0.025)
(0.125 0.425 0.025)
(0.15 0.425 0.025)
(0.175 0.425 0.025)
(0.2 0.425 0.025)
(0.225 0.425 0.025)
(0.25 0.425 0.025)
(0.275 0.425 0.025)
(0.3 0.425 0.025)
(0 0.45 0.025)
(0.025 0.45 0.025)
(0.05 0.45 0.025)
(0.075 0.45 0.025)
(0.1 0.45 0.025)
(0.125 0.45 0.025)
(0.15 0.45 0.025)
(0.175 0.45 0.025)
(0.2 0.45 0.025)
(0.225 0.45 0.025)
(0.25 0.45 0.025)
(0.275 0.45 0.025)
(0.3 0.45 0.025)
(0 0.475 0.025)
(0.025 0.475 0.025)
(0.05 0.475 0.025)
(0.075 0.475 0.025)
(0.1 0.475 0.025)
(0.125 0.475 0.025)
(0.15 0.475 0.025)
(0.175 0.475 0.025)
(0.2 0.475 0.025)
(0.225 0.475 0.025)
(0.25 0.475 0.025)
(0.275 0.475 0.025)
(0.3 0.475 0.025)
(0 0.5 0.025)
(0.025 0.5 0.025)
(0.05 0.5 0.025)
(0.075 0.5 0.025)
(0.1 0.5 0.025)
(0.125 0.5 0.025)
(0.15 0.5 0.025)
(0.175 0.5 0.025)
(0.2 0.5 0.025)
(0.225 0.5 0.025)
(0.25 0.5 0.025)
(0.275 0.5 0.025)
(0.3 0.5 0.025)
(0 0.525 0.025)
(0.025 0.525 0.025)
(0.05 0.525 0.025)
(0.075 0.525 0.025)
(0.1 0.525 0.025)
(0.125 0.525 0.025)
(0.15 0.525 0.025)
(0.175 0.525 0.025)
(0.2 0.525 0.025)
(0.225 0.525 0.025)
(0.25 0.525 0.025)
(0.275 0.525 0.025)
(0.3 0.525 0.025)
(0 0.55 0.025)
(0.025 0.55 0.025)
(0.05 0.55 0.025)
(0.075 0.55 0.025)
(0.1 0.55 0.025)
(0.125 0.55 0.025)
(0.15 0.55 0.025)
(0.175 0.55 0.025)
(0.2 0.55 0.025)
(0.225 0.55 0.025)
(0.25 0.55 0.025)
(0.275 0.55 0.025)
(0.3 0.55 0.025)
(0 0.575 0.025)
(0.025 0.575 0.025)
(0.05 0.575 0.025)
(0.075 0.575 0.025)
(0.1 0.575 0.025)
(0.125 0.575 0.025)
(0.15 0.575 0.025)
(0.175 0.575 0.025)
(0.2 0.575 0.025)
(0.225 0.575 0.025)
(0.25 0.575 0.025)
(0.275 0.575 0.025)
(0.3 0.575 0.025)
(0 0.6 0.025)
(0.025 0.6 0.025)
(0.05 0.6 0.025)
(0.075 0.6 0.025)
(0.1 0.6 0.025)
(0.125 0.6 0.025)
(0.15 0.6 0.025)
(0.175 0.6 0.025)
(0.2 0.6 0.025)
(0.225 0.6 0.025)
(0.25 0.6 0.025)
(0.275 0.6 0.025)
(0.3 0.6 0.025)
)


// ************************************************************************* //
